158,112,127,105,143,103,152,129,130,134,136,112,137,115,131,112,122,129,145,104
136,113,156,104,136,114,129,111,118,117,126,109,145,120,133,113,135,105,145,135
140,123,135,105,130,121,137,118,139,105,133,121,160,120,122,109,145,103,118,110
139,122,142,114,150,124,151,104,138,119,142,104,134,129,138,117,134,114,142,112
126,111,146,132,130,115,137,113,148,100,135,114,134,112,135,119,134,119,119,131
127,130,134,107,132,117,139,119,140,121,126,114,139,112,142,99,135,124,136,137
141,109,149,137,142,123,140,121,139,118,101,98,134,115,151,122,136,103,145,121
127,134,141,124,137,121,136,118,144,119,138,106,153,123,135,108,142,109,124,116
134,134,131,123,141,116,153,113,130,114,120,124,143,104,133,126,149,103,144,127
156,112,133,110,126,127,155,122,138,128,109,122,142,118,126,124,143,120,130,113
